Running python3  /Users/tzhang/git/nemd/submodule/alamode/alamode/tools/extract.py --LAMMPS /Users/tzhang/git/nemd/submodule/alamode/alamode/example/Si_LAMMPS/Si222.lammps XFSET.harm1
# Filename: XFSET.harm1, Snapshot: 1
    0.01889726124994     0.00000000000000     0.00000000000000      -7.07377653E-03 -2.33362856E-16 -6.61194758E-16
    0.00000000000000     0.00000000000000     0.00000000000000      -4.27831902E-16 -4.27831902E-16 -3.88938093E-16
    0.00000000000000     0.00000000000000     0.00000000000000      -1.16166203E-04 -5.74674524E-05 -5.74674524E-05
    0.00000000000000     0.00000000000000     0.00000000000000      -1.13588092E-04  5.73965716E-05 -5.73965716E-05
    0.00000000000000     0.00000000000000     0.00000000000000      -5.44513330E-16 -2.72256665E-16 -5.44513330E-16
    0.00000000000000     0.00000000000000     0.00000000000000      -4.27831902E-16 -1.94469047E-16 -3.88938093E-16
    0.00000000000000     0.00000000000000     0.00000000000000      -1.13588092E-04 -5.73965716E-05  5.73965716E-05
    0.00000000000000     0.00000000000000     0.00000000000000      -1.16166203E-04  5.74674524E-05  5.74674524E-05
    0.00000000000000     0.00000000000000     0.00000000000000       1.83571198E-03  1.16887826E-03  1.16887826E-03
    0.00000000000000     0.00000000000000     0.00000000000000      -0.00000000E+00 -0.00000000E+00 -0.00000000E+00
    0.00000000000000     0.00000000000000     0.00000000000000      -3.88938093E-17  2.72256665E-16  2.72256665E-16
    0.00000000000000     0.00000000000000     0.00000000000000      -3.88938093E-17  2.72256665E-16  5.83407140E-16
    0.00000000000000     0.00000000000000     0.00000000000000      -0.00000000E+00 -0.00000000E+00 -0.00000000E+00
    0.00000000000000     0.00000000000000     0.00000000000000      -3.88938093E-17 -0.00000000E+00 -0.00000000E+00
    0.00000000000000     0.00000000000000     0.00000000000000      -3.88938093E-17  5.83407140E-16  2.72256665E-16
    0.00000000000000     0.00000000000000     0.00000000000000       1.83571198E-03 -1.16887826E-03 -1.16887826E-03
    0.00000000000000     0.00000000000000     0.00000000000000       2.89879092E-05  5.79901877E-05  2.93112478E-05
    0.00000000000000     0.00000000000000     0.00000000000000       2.89879092E-05 -5.79901877E-05 -2.93112478E-05
    0.00000000000000     0.00000000000000     0.00000000000000       2.89879092E-05  2.93112478E-05  5.79901877E-05
    0.00000000000000     0.00000000000000     0.00000000000000      -1.55575237E-16 -1.55575237E-16 -3.88938093E-16
    0.00000000000000     0.00000000000000     0.00000000000000      -1.55575237E-16 -3.88938093E-16 -1.55575237E-16
    0.00000000000000     0.00000000000000     0.00000000000000      -2.33362856E-16 -2.72256665E-16  0.00000000E+00
    0.00000000000000     0.00000000000000     0.00000000000000       2.89879092E-05 -2.93112478E-05 -5.79901877E-05
    0.00000000000000     0.00000000000000     0.00000000000000      -2.33362856E-16  0.00000000E+00 -3.11150474E-16
    0.00000000000000     0.00000000000000     0.00000000000000       2.72256665E-16 -3.88938093E-17  2.72256665E-16
    0.00000000000000     0.00000000000000     0.00000000000000       2.72256665E-16 -3.88938093E-17  5.83407140E-16
    0.00000000000000     0.00000000000000     0.00000000000000       2.72256665E-16  2.72256665E-16 -3.88938093E-17
    0.00000000000000     0.00000000000000     0.00000000000000       3.88938093E-16  3.88938093E-16 -7.77876186E-17
    0.00000000000000     0.00000000000000     0.00000000000000       3.88938093E-16 -7.77876186E-17  3.88938093E-16
    0.00000000000000     0.00000000000000     0.00000000000000       1.94469047E-16  1.16681428E-16  7.00088568E-16
    0.00000000000000     0.00000000000000     0.00000000000000       2.72256665E-16  5.83407140E-16 -3.88938093E-17
    0.00000000000000     0.00000000000000     0.00000000000000       3.11150474E-16  5.83407140E-16  0.00000000E+00
    0.00000000000000     0.00000000000000     0.00000000000000      -2.72256665E-16 -5.44513330E-16 -5.44513330E-16
    0.00000000000000     0.00000000000000     0.00000000000000      -1.94469047E-16 -4.27831902E-16 -3.88938093E-16
    0.00000000000000     0.00000000000000     0.00000000000000      -3.88938093E-16 -1.55575237E-16 -1.55575237E-16
    0.00000000000000     0.00000000000000     0.00000000000000      -2.72256665E-16 -2.33362856E-16  0.00000000E+00
    0.00000000000000     0.00000000000000     0.00000000000000      -1.94469047E-16 -3.88938093E-16 -4.27831902E-16
    0.00000000000000     0.00000000000000     0.00000000000000      -3.88938093E-16 -3.88938093E-16 -3.88938093E-16
    0.00000000000000     0.00000000000000     0.00000000000000      -2.72256665E-16  0.00000000E+00 -2.33362856E-16
    0.00000000000000     0.00000000000000     0.00000000000000      -3.11150474E-16  0.00000000E+00  0.00000000E+00
    0.00000000000000     0.00000000000000     0.00000000000000      -0.00000000E+00 -0.00000000E+00 -0.00000000E+00
    0.00000000000000     0.00000000000000     0.00000000000000      -0.00000000E+00 -3.88938093E-17 -0.00000000E+00
    0.00000000000000     0.00000000000000     0.00000000000000      -7.77876186E-17  3.88938093E-16  3.88938093E-16
    0.00000000000000     0.00000000000000     0.00000000000000      -1.16681428E-16  3.88938093E-16  7.00088568E-16
    0.00000000000000     0.00000000000000     0.00000000000000      -0.00000000E+00 -0.00000000E+00 -3.88938093E-17
    0.00000000000000     0.00000000000000     0.00000000000000      -0.00000000E+00 -0.00000000E+00 -0.00000000E+00
    0.00000000000000     0.00000000000000     0.00000000000000      -0.00000000E+00  7.77876186E-16  3.11150474E-16
    0.00000000000000     0.00000000000000     0.00000000000000      -0.00000000E+00  8.16769996E-16  5.83407140E-16
    0.00000000000000     0.00000000000000     0.00000000000000       2.84497453E-05  5.68847548E-05 -2.81348579E-05
    0.00000000000000     0.00000000000000     0.00000000000000       2.84497453E-05 -5.68847548E-05  2.81348579E-05
    0.00000000000000     0.00000000000000     0.00000000000000       2.84497453E-05 -2.81348579E-05  5.68847548E-05
    0.00000000000000     0.00000000000000     0.00000000000000       0.00000000E+00 -2.33362856E-16 -3.11150474E-16
    0.00000000000000     0.00000000000000     0.00000000000000       0.00000000E+00 -2.72256665E-16 -2.33362856E-16
    0.00000000000000     0.00000000000000     0.00000000000000       0.00000000E+00 -3.11150474E-16  0.00000000E+00
    0.00000000000000     0.00000000000000     0.00000000000000       2.84497453E-05  2.81348579E-05 -5.68847548E-05
    0.00000000000000     0.00000000000000     0.00000000000000       0.00000000E+00  0.00000000E+00 -3.11150474E-16
    0.00000000000000     0.00000000000000     0.00000000000000       5.83407140E-16 -3.88938093E-17  2.72256665E-16
    0.00000000000000     0.00000000000000     0.00000000000000       1.81605527E-03 -1.15127387E-03  1.15127387E-03
    0.00000000000000     0.00000000000000     0.00000000000000       5.83407140E-16  2.72256665E-16 -3.88938093E-17
    0.00000000000000     0.00000000000000     0.00000000000000       5.83407140E-16  3.11150474E-16  0.00000000E+00
    0.00000000000000     0.00000000000000     0.00000000000000       7.00088568E-16 -1.16681428E-16  3.88938093E-16
    0.00000000000000     0.00000000000000     0.00000000000000       5.83407140E-16 -0.00000000E+00  8.16769996E-16
    0.00000000000000     0.00000000000000     0.00000000000000       1.81605527E-03  1.15127387E-03 -1.15127387E-03
    0.00000000000000     0.00000000000000     0.00000000000000       5.83407140E-16  5.83407140E-16 -0.00000000E+00
